% Faults
'FAULT3' 43 43 48 48 1 16 'X+'  
'FAULT3' 43 43 47 47 1 16 'X+'  
'FAULT3' 43 43 46 46 1 16 'X+'  
'FAULT3' 43 43 45 45 1 16 'X+'  
'FAULT3' 43 43 44 44 1 16 'X+'  
'FAULT3' 43 43 43 43 1 16 'X+'  
'FAULT3' 43 43 42 42 1 16 'X+'  
'FAULT3' 43 43 41 41 1 16 'X+'  
'FAULT3' 43 43 40 40 1 16 'X+'  
'FAULT3' 43 43 39 39 1 16 'X+'  
'FAULT3' 43 43 38 38 1 16 'X+'  
'FAULT3' 43 43 37 37 1 16 'X+'  
'FAULT3' 43 43 36 36 1 16 'X+'  
'FAULT3' 43 43 35 35 1 16 'X+'  
'FAULT3' 43 43 34 34 1 16 'X+'  
'FAULT3' 43 43 33 33 1 16 'X+'  
'FAULT3' 43 43 32 32 1 16 'X+'  
'FAULT3' 43 43 31 31 1 16 'X+'  
'FAULT3' 43 43 30 30 1 16 'X+'  
'FAULT3' 43 43 29 29 1 16 'X+'  
'FAULT3' 43 43 28 28 1 16 'X+'  
'FAULT3' 43 43 27 27 1 16 'X+'  
'FAULT3' 43 43 26 26 1 16 'X+'  
'FAULT3' 43 43 25 25 1 16 'X+'  
'FAULT3' 43 43 24 24 1 16 'X+'  
'FAULT3' 43 43 23 23 1 16 'X+'  
'FAULT3' 43 43 22 22 1 16 'X+'  
'FAULT3' 43 43 21 21 1 16 'X+'  
'FAULT3' 43 43 20 20 1 16 'X+'  
'FAULT3' 43 43 19 19 1 16 'X+'  
'FAULT3' 43 43 18 18 1 16 'X+'  
'FAULT3' 43 43 17 17 1 16 'X+'  
'FAULT3' 43 43 16 16 1 16 'X+'  
'FAULT3' 43 43 15 15 1 16 'X+'  
'FAULT3' 43 43 14 14 1 16 'X+'  
'FAULT3' 43 43 13 13 1 16 'X+'  
'FAULT3' 43 43 12 12 1 16 'X+'  
'FAULT3' 43 43 11 11 1 16 'X+'  
'FAULT3' 43 43 10 10 1 16 'X+'  
'FAULT3' 43 43 9 9 1 16 'X+'  
'FAULT3' 43 43 8 8 1 16 'X+'  
'FAULT3' 43 43 7 7 1 16 'X+'  
'FAULT3' 43 43 6 6 1 16 'X+'  
'FAULT3' 43 43 5 5 1 16 'X+'  
'FAULT3' 43 43 4 4 1 16 'X+'  
'FAULT3' 43 43 3 3 1 16 'X+'  
'FAULT3' 43 43 2 2 1 16 'X+'  
'FAULT3' 43 43 1 1 1 16 'X+'  

'FAULT5' 70 70 3 3 1 16 'X+'  
'FAULT5' 70 70 2 2 1 16 'X+'  
'FAULT5' 70 70 1 1 1 16 'X+'  

'FAULT9' 70 70 42 42 1 16 'X+'  
'FAULT9' 70 70 41 41 1 16 'Y+'  
'FAULT9' 69 69 41 41 1 16 'X+'  
'FAULT9' 69 69 40 40 1 16 'X+'  
'FAULT9' 69 69 39 39 1 16 'X+'  
'FAULT9' 69 69 38 38 1 16 'Y+'  
'FAULT9' 68 68 38 38 1 16 'X+'  
'FAULT9' 68 68 37 37 1 16 'X+'  
'FAULT9' 68 68 36 36 1 16 'X+'  
'FAULT9' 68 68 35 35 1 16 'Y+'  
'FAULT9' 67 67 35 35 1 16 'X+'  
'FAULT9' 67 67 34 34 1 16 'X+'  
'FAULT9' 67 67 33 33 1 16 'X+'  
'FAULT9' 67 67 32 32 1 16 'X+'  
'FAULT9' 68 68 31 31 1 16 'Y+'  
'FAULT9' 68 68 31 31 1 16 'X+'  
'FAULT9' 68 68 30 30 1 16 'X+'  
'FAULT9' 68 68 29 29 1 16 'X+'  
'FAULT9' 69 69 28 28 1 16 'Y+'  
'FAULT9' 69 69 28 28 1 16 'X+'  
'FAULT9' 69 69 27 27 1 16 'X+'  
'FAULT9' 69 69 26 26 1 16 'X+'  
'FAULT9' 69 69 25 25 1 16 'X+'  
'FAULT9' 70 70 24 24 1 16 'Y+'  
'FAULT9' 70 70 24 24 1 16 'X+'  
'FAULT9' 70 70 23 23 1 16 'X+'  

'FAULT6' 56 56 22 22 1 16 'X+'  
'FAULT6' 56 56 21 21 1 16 'Y+'  
'FAULT6' 55 55 21 21 1 16 'X+'  
'FAULT6' 55 55 20 20 1 16 'X+'  
'FAULT6' 55 55 19 19 1 16 'Y+'  
'FAULT6' 54 54 19 19 1 16 'X+'  
'FAULT6' 54 54 18 18 1 16 'X+'  
'FAULT6' 54 54 17 17 1 16 'X+'  
'FAULT6' 54 54 16 16 1 16 'X+'  
'FAULT6' 54 54 15 15 1 16 'Y+'  
'FAULT6' 53 53 15 15 1 16 'X+'  
'FAULT6' 53 53 14 14 1 16 'X+'  
'FAULT6' 53 53 13 13 1 16 'X+'  
'FAULT6' 53 53 12 12 1 16 'X+'  
'FAULT6' 53 53 11 11 1 16 'X+'  
'FAULT6' 53 53 10 10 1 16 'X+'  
'FAULT6' 53 53 9 9 1 16 'X+'  
'FAULT6' 54 54 8 8 1 16 'Y+'  
'FAULT6' 54 54 8 8 1 16 'X+'  
'FAULT6' 54 54 7 7 1 16 'X+'  

'FAULT10' 78 78 36 36 1 16 'X+'  
'FAULT10' 78 78 35 35 1 16 'X+'  
'FAULT10' 78 78 34 34 1 16 'X+'  
'FAULT10' 78 78 33 33 1 16 'X+'  
'FAULT10' 78 78 32 32 1 16 'X+'  
'FAULT10' 78 78 31 31 1 16 'X+'  
'FAULT10' 78 78 30 30 1 16 'X+'  
'FAULT10' 78 78 29 29 1 16 'X+'  
'FAULT10' 78 78 28 28 1 16 'X+'  
'FAULT10' 78 78 27 27 1 16 'X+'
