Number of parameters: 4
Number of responses: 0
index                     perm4                  perm5                  perm6                  kmult
1         6.395101389481999e-15  8.745681937239493e-15  5.615216555256652e-15       1.18090925870134                    nan
7         1.213198576736529e-15  5.510749013210108e-15  5.631463463979179e-15     0.6202516231969117                    nan
2         4.156870412206543e-15  7.200520269552607e-15  6.019818746314224e-15      1.871477759738415                    nan
6         9.833996953584624e-15  2.210851265121057e-15  1.920766479731531e-15       1.39691525200181                    nan
3         4.461508283745397e-16  6.789852645714964e-15  3.245457248731047e-15      1.052486765869396                    nan
8         5.285588851906783e-15   2.24571734439187e-15  1.147694107615854e-15      1.792709658178573                    nan
5         7.059080593713561e-15   9.53777672374593e-15  1.979852367573217e-15     0.7103555385893348                    nan
4         8.400889876306582e-15  3.083566754758342e-15  6.185779585597469e-15     0.5632445852215129                    nan
13        8.891664284285863e-15  5.245090027804928e-15  5.112296713054655e-15      1.516481547523091                    nan
10        4.327001039545232e-16  9.946082797357576e-15  5.953355430206029e-15       1.63333621471545                    nan
14        8.477845229093214e-15  9.085968215288717e-15  8.735420355247632e-15      1.252036804937321                    nan
11        8.544571608427977e-15  1.681841141453175e-16  4.726780723479651e-15     0.6435304728899687                    nan
12        8.662117664537633e-16  6.871410308220302e-15  4.948024148864922e-15       1.62076233362213                    nan
16        5.163484695065127e-15  1.870848309769476e-15  3.405781570963396e-15      1.989497803467809                    nan
9         9.081790227374217e-15  2.168133971537262e-15  8.165665621929125e-15     0.5443750508512001                    nan
15        5.919910639112322e-15  8.135940660165031e-15  5.299589995976139e-15      0.917045374822142                    nan
19        3.579114632170172e-15   8.09883109717757e-15  2.889881609014572e-15      1.165879436849218                    nan
18        1.794298210684209e-15  4.291326435929409e-15  2.571926016800505e-15      1.658987092082776                    nan
17        3.280791432097627e-15  6.451347794292641e-15  5.355356422183759e-15     0.8599661003114093                    nan
22        6.954239283400244e-15  3.173830809996688e-15  2.973519672685036e-15      1.820987165062408                    nan
20        5.170211301293704e-16   6.09353142322815e-15  9.752580326698543e-15     0.7538559222719224                    nan
21        1.157451034853006e-15   2.34408400522241e-15  4.671299591372493e-16     0.6269598846119607                    nan
24        4.071000592894718e-15  6.394326397228547e-16  7.285414096558528e-15      1.850492539224452                    nan
23        5.327787529120332e-15  7.380239016664681e-16  2.432134379178778e-15     0.6351691116655467                    nan
27        8.546392900890485e-16   6.12657746826448e-15  5.984614451905701e-15      1.888267109463331                    nan
25        9.777774949724517e-15  2.922320171278199e-15  9.225316496593766e-17      0.686354585984622                    nan
28        3.355164089991979e-15  8.723787611510192e-15  3.700490606207744e-15      1.869474579938306                    nan
26        1.312547167651012e-15  5.677708979818426e-16  5.050919447491751e-16      1.218940736601189                    nan
29        6.771360713410823e-15  5.130429106655803e-15  1.352906431957036e-17      1.494611051691527                    nan
31        3.784000573740768e-15  7.064234263660181e-15  6.156185952220405e-15      1.359115953720607                    nan
30        1.237747074474392e-15  2.226254098114902e-15  7.026692026176027e-15     0.6174660199466111                    nan
35         1.93918804869572e-15  7.970686914001204e-15  4.998616823913188e-15      1.342526643047542                    nan
33         3.61352131642482e-15   3.29983185213352e-15  2.771621080177073e-15     0.6769474103055872                    nan
36        4.172525102370105e-15  5.886641594509345e-15   7.27761954908085e-15      1.734092765801216                    nan
34        6.563500595309863e-15  5.044329168569547e-15  2.034265045915316e-15      1.718543037797994                    nan
37        1.871084573300714e-15  7.101018495666822e-15  3.223524664152837e-15     0.7792669439012627                    nan
38        5.368513782439923e-16  7.022555442271403e-15  2.723524401246458e-15      1.650095850455345                    nan
32        9.554889794950903e-15  8.196179481353942e-15  5.090131057279608e-15     0.5063631292831788                    nan
39        2.280610141629006e-15   9.76776480866392e-15  9.307361502023507e-15     0.5020504902880972                    nan
42        2.333498062565137e-15  6.326686924380033e-15  1.193696883444563e-15      1.826389094454568                    nan
41        7.360019984652073e-15  8.043319171532399e-15  1.713989409282098e-15      1.748392191753982                    nan
44        4.597126563521416e-15  1.205257523433316e-15  1.653011422306082e-15      1.080380520999573                    nan
40        9.783200267812647e-15  6.047645970875287e-16  1.336231418460875e-15     0.7055881577511234                    nan
46         7.29137617882833e-15  9.889361378225351e-15  5.498485906377024e-15      1.641970821600394                    nan
45        9.547390621454764e-17  2.815175092803522e-15  7.551538586008054e-15      1.361099334449521                    nan
43        1.339835069347012e-16   9.72803555562364e-15  7.515154889568841e-15      1.314126998286708                    nan
51        7.771022165669605e-15   2.94341841360151e-15  6.093121076911557e-15      1.904967017119622                    nan
48        7.935580058218206e-15  6.859800455261268e-15  3.751528019158877e-16      1.293491720022596                    nan
47        7.097000079810812e-15  3.780028933223938e-15  6.379578573561862e-15      1.648122311054808                    nan
53        1.967739801177105e-15  2.147768985523884e-15  6.964561208016167e-15      1.841030661307928                    nan
49        5.263677538907814e-15  5.006826182798184e-15  8.794107063464278e-15     0.9997282861977022                    nan
50        4.440829323653191e-15  7.407581750947756e-16  7.131209345542122e-15     0.7864641665896479                    nan
54        7.403592643265557e-16  6.073689778262128e-15  9.816938939015069e-15     0.5191344338119568                    nan
52        6.938310572016486e-15   3.07109064599675e-15   5.55248515599188e-15     0.5468695606391627                    nan
55        7.269488133986793e-15  7.159174498440234e-15   9.69497455544114e-15      1.096790981528654                    nan
58         5.99701735087134e-15  9.914776269575336e-15  4.886953195827451e-15      1.304401893335708                    nan
60        9.898642945045421e-15  3.694799126079979e-15  5.302680035819872e-15      1.070300866396865                    nan
57        4.707491478518631e-15   1.03538785039248e-15  7.918036185652843e-15     0.6539520897217609                    nan
59        6.409006117320318e-15  2.694437395720166e-15  5.846541357657714e-15     0.8753472149525252                    nan
63        9.611576419284077e-15  2.791503157743244e-15  4.667104405703741e-15     0.6799341630378797                    nan
65        1.054994067028921e-15  3.379873012506072e-15   4.22874600061991e-15      1.559964377741573                    nan
67        5.611255443196766e-15  2.581265326582626e-15  9.763493980120031e-15      1.854579810032885                    nan
66        9.023498081216766e-15  4.404390226805921e-15   3.03016611501345e-15     0.5875970693321937                    nan
56        9.638536714041172e-15  5.066215839153596e-15  5.464587423657178e-15     0.8311947726082377                    nan
62        4.904763227578044e-15  3.650014223102634e-15  7.734046946694375e-15      1.295273226153389                    nan
69        1.902960559315335e-15  9.850623651701912e-15  8.322910041990065e-15        1.1954718170234                    nan
68        4.886637648386565e-16  2.750709199783332e-15  7.704050681328993e-15      1.429030613193675                    nan
64        8.530754600032303e-15  9.621843132432169e-15   3.56064627286296e-15     0.7488922124996928                    nan
70        8.634775664690206e-15  5.453867134391352e-15  8.549019241475113e-15      1.398749252045651                    nan
72        6.018497504311768e-15  9.144301012795169e-15  4.687815930194813e-15      1.376458531931278                    nan
74        3.300692624397174e-15  9.079146590418031e-15  2.386949573396191e-15      1.999829808625237                    nan
71        9.001078447948956e-15  5.824815842264558e-15  3.354731228705544e-15     0.6009707234335165                    nan
73        5.740857770566226e-16  3.108234519297757e-15  3.967356184614466e-15     0.7669194229638105                    nan
77        6.073415623431759e-15  7.476941035167026e-15  2.592762271038019e-15      1.949330077931412                    nan
75        2.377066663445228e-15  4.788462393389102e-15  3.913832304144199e-16      1.247405634781896                    nan
61        7.170662461195618e-15  8.548554686825703e-15  9.958967625027596e-15      1.811648844803233                    nan
76         3.06509929781946e-15  2.483477496576786e-15  6.247801767793597e-15      1.137537759927289                    nan
78        7.990444245238369e-15  2.123100350579817e-15  6.505664060530304e-16        1.7117460746421                    nan
81        2.025769964440334e-15  2.580023681601339e-15  9.489193920670771e-15      1.714536773545096                    nan
80        1.115479244780087e-15  2.884156953009814e-15  2.374021368342884e-15      1.001224612789142                    nan
82        8.036497388495165e-15  8.998819177713787e-15  2.633889984848403e-15      1.580754351101048                    nan
79        9.331850869806788e-15  2.852656240233698e-15  4.448388566944965e-15     0.8058855357695595                    nan
85        9.809373200119265e-15  9.196292815675587e-15  4.522987743638111e-15      1.075013353282924                    nan
83        5.105168765708939e-15  9.253353379243311e-15  8.034309697149712e-15      1.897941684065924                    nan
86        2.661300506972217e-15  1.961570150422553e-15  1.388018748121749e-15     0.5320679108945473                    nan
90        6.377857683748828e-15  9.409658128279729e-15  7.114783838524052e-15      1.785104696416822                    nan
88        9.596522465100334e-15  3.809516898706787e-15  5.669727886300647e-15     0.6310092866731689                    nan
91        5.709331032771007e-15  9.109187028930934e-15  1.115167388823996e-15     0.6662748725022193                    nan
89        4.722889639542736e-15  2.558924223399132e-15  5.512643310575698e-15      0.516714824513312                    nan
93        6.201606041569159e-15  6.293437744559553e-15  8.909227085395948e-15      1.107411158786929                    nan
94         8.57731238613416e-15  2.637890824616998e-15  2.201075200707236e-15      1.032307640465818                    nan
84        4.974156268068587e-15  8.144281774893591e-15  6.393516027304508e-15      1.597499844311894                    nan
95        9.338569115840803e-16  4.921124486734552e-15  5.890428043471455e-15      1.320480097868754                    nan
97        8.763511419824626e-15  8.784850837142981e-15    2.1699994277854e-15      1.901734331030982                    nan
96        9.190851988758022e-15  9.058688446322278e-16  4.111581441673713e-15      1.934958674756057                    nan
98        5.456836558163933e-15  8.220791006630904e-15  5.600693878331959e-16       1.45972632263133                    nan
99        2.721321522479426e-15   9.96871812567234e-15  8.198427711365119e-15      1.113555430235654                    nan
92        4.937073869929752e-15  8.868762075584961e-15  6.345188518933193e-15      1.831562982493669                    nan
87        7.917757334648566e-15  7.572511777134655e-15  8.304139948201336e-15     0.5695069589007385                    nan
101       3.559998519442934e-15  5.520388999401297e-15   2.78885530115137e-15      1.326753038959709                    nan
100       6.409928419153589e-16  9.327788410689902e-15  2.944200263320943e-15      1.093036686215623                    nan
103        8.36629732411279e-15  7.333403593689042e-15  1.565471185103156e-15      1.037906903315881                    nan
104       2.658444618294618e-15  3.305217075837371e-15  9.327276500638596e-16      1.139174996983765                    nan
102       3.958794862631525e-15  7.810724657193524e-15  9.020349088277627e-15       1.48303447037079                    nan
105       6.649913234633768e-16  7.935214902312005e-15  9.518946711481527e-15     0.6021369730599966                    nan
108       2.854084408219783e-15  4.556762666778976e-15  9.104247855231737e-15      1.519169997681749                    nan
106       6.267727948145873e-15  9.017355835369948e-15  8.719342545245019e-15       1.07873471135469                    nan
109       7.602646190936353e-15  9.543250751041784e-15  9.774796024163627e-16      1.416841131362991                    nan
107       3.005265822738062e-15  3.436046745665783e-15  3.079668553830789e-15     0.6714689561765528                    nan
110       2.405331320077452e-15  1.530568949519364e-15  2.107391254024211e-15     0.7417379049427311                    nan
112       8.979160164879611e-15   3.71834578180659e-15  4.703544829773959e-15      1.953426758469897                    nan
114        1.51441387063329e-15   8.76629177366598e-16  4.158475565078769e-15      1.148753195930156                    nan
113       1.331677653664496e-15  9.828929638793763e-16   6.68279283136588e-15      1.460283943611594                    nan
111       9.065127250679775e-15  6.055342020441278e-15  3.794851889946279e-15     0.8485073096924901                    nan
116       1.410305191257597e-15  6.828416650482609e-16  3.112615485151019e-16      1.543971892739042                    nan
118       6.244469315609648e-15   1.69293895096796e-15  7.305984205747872e-15      1.531427486565342                    nan
119       2.162206098742499e-15  2.828792056475072e-15   9.18082779588171e-15     0.5945447779359179                    nan
120       2.043289901997987e-15  2.377287074509196e-15  3.779474115604448e-15      1.004369379802397                    nan
121       7.211534118046157e-15   4.76645309099363e-15   4.27284629816221e-15      1.273226758838725                    nan
124       2.457326797977539e-15  5.912659768804067e-15    1.5820578428832e-15      1.134292486774361                    nan
123       6.444397075011128e-15  3.356219544730647e-15  7.665961599129415e-15      1.430220363625675                    nan
122       1.844863443649093e-15   2.67667466346193e-15  3.459184393545788e-15     0.9049538676689391                    nan
127       1.292907546772253e-15  2.431000297973608e-15  9.930158752867012e-15      1.891222198038747                    nan
126       4.535154991173786e-15  2.628951463275702e-16  7.746002359537556e-15     0.7725657393646617                    nan
115       9.221012549618576e-15  9.297644441851775e-15  9.863368147070251e-15      1.594350584235642                    nan
128       2.349297466178336e-15  8.976965285143814e-15  8.249809832304364e-15      1.809190738234076                    nan
129       3.357719664658699e-16  4.155601287156465e-15  8.610881091076642e-15      1.915732494146571                    nan
125       5.307587416049315e-15  5.878339047806444e-15   4.28958097361954e-15      1.232790039885605                    nan
117       9.345375713044445e-15  2.393464567609439e-15  9.788346879349737e-15     0.6842553362178793                    nan
130       7.833273644045278e-15  6.753230924570794e-15  2.743115937804187e-15      1.601596670507119                    nan
131       5.043015156686403e-15  6.893238867958925e-15  1.743433775277173e-15      1.898758724670952                    nan
132       5.958718960540712e-15  7.438555530718167e-15  4.910689423730187e-15      1.280525195168928                    nan
133       6.582823305804922e-15  7.125959244687945e-15  7.345535654119639e-15     0.8615761368549303                    nan
135       6.964230463656524e-16  9.875705124557727e-15  2.262107557825971e-15      1.447328846233398                    nan
136       3.595100892210665e-15  6.172828604989816e-15  1.194589094184057e-16      1.276261760575424                    nan
134       8.937548452636011e-15  4.988167804475608e-15   2.70280841298763e-15      1.510621854515783                    nan
139       4.301852135038495e-15  5.348789727131642e-15  8.394316999629919e-15      1.469875712851623                    nan
137       3.158874196295658e-16  2.090206991499036e-15  9.371903469951493e-15      1.500623564860518                    nan
140       4.128691948974221e-15  3.929699876572509e-15  5.774275127043806e-15       1.45519232699693                    nan
143        9.31739521322528e-15  8.521508002061209e-15  1.676369120700112e-15      1.241995198393766                    nan
142       1.268548912954476e-15  3.242512050508537e-15  7.215579651117062e-15     0.6164619138558354                    nan
138       7.858442708816636e-15  1.343166737658156e-15  7.899905587222898e-15     0.8015168063214104                    nan
144       3.674273637422793e-15  7.411977745334325e-15  1.806543287223025e-15       1.34639957873973                    nan
146       4.758315049288515e-15    8.4916850268914e-15  3.972833548018574e-17      1.008466535208635                    nan
141       5.372682209658074e-15  4.821000799153764e-15  7.815392434653511e-15     0.8446046617972904                    nan
145       1.645156187635179e-15  1.406401287781355e-15   6.87710323963947e-15     0.7174986492151847                    nan
147       3.634966415006644e-15  3.749525051876424e-16  6.313069189204961e-16      1.754393438500941                    nan
148       8.113479931239694e-15  1.810785465953773e-15  7.070338892259673e-15      1.667350759743744                    nan
149       5.939708261082942e-15  7.243027003200434e-15  3.681696364552365e-15      1.975970523572387                    nan
150       5.627938589907478e-15  4.055173082666467e-15  1.787423243412557e-15       1.86678543077121                    nan
151       1.566647017147416e-15  3.075328643008466e-16   9.35371289251746e-15      1.452259289682089                    nan
152       8.080852507950205e-15  8.078461459290763e-15  6.849104761186318e-15      1.644673506197352                    nan
153       5.789435926770521e-15  3.759833686239921e-15  3.838672787416022e-15      1.316423816193156                    nan
154       9.947042716079328e-16  6.581956049163968e-15  1.457093271881624e-15     0.6113986044342079                    nan
155       3.243281692626728e-15  4.705865070384534e-15  5.135079554285584e-15      1.338687628479964                    nan
157       5.075549851215035e-15  2.065862384264444e-15  2.228305517880738e-15      1.011665352611777                    nan
156       2.074908732028875e-15  3.272932091916154e-15  3.609698780017454e-15      1.987981755036792                    nan
158       4.320133442915092e-15  6.777282928094382e-15  8.426797885322065e-15      1.323201576387969                    nan
159       2.302500059746585e-15  3.194772259766419e-15  3.507974711690637e-15     0.7226274447100173                    nan
160       7.249092084374918e-15  5.410083862139816e-15  5.067434918187046e-15     0.5844530710985348                    nan
162       1.475981703277274e-15  8.428748203744242e-16  2.834640729599845e-15      0.987323074180986                    nan
164       4.607899883962268e-15  5.290563897806977e-15  6.233640417764591e-15       1.82532947677222                    nan
161        2.43988304423651e-15  9.820481427024129e-15   8.65953646573965e-15      1.043478793417807                    nan
163        5.39739412065023e-15  3.047347122828083e-15  1.683315671681792e-15     0.7830887619082622                    nan
165        4.46296983174743e-15  1.366506994345869e-15  6.569855546562333e-15      1.344456436632171                    nan
168       3.367719108427528e-15  1.078925789778254e-15  1.128849594857617e-15      1.739891270812128                    nan
166       4.054709975362345e-15  3.674235374595263e-15  5.027423224780332e-15     0.9633093451816577                    nan
169       9.747501174255355e-15  6.195105342356118e-15  3.559945700852757e-16      1.426755069641157                    nan
167       7.457389471076428e-15  3.479317574587207e-15  3.987337464637407e-15     0.8213443500656221                    nan
170       6.527159078863265e-15  2.180229515495273e-15  2.185839883989749e-15      1.370991313338256                    nan
173       1.014542217383433e-15  1.264616150863811e-16  1.633895121789167e-15      1.402999477807843                    nan
172        3.92715273960112e-15  8.213071762713594e-15  4.586871900229372e-15      1.968402938005479                    nan
174       6.170300510296961e-15  4.855859845734406e-15  8.579940389674646e-15     0.9314070296035014                    nan
171        5.66193638572013e-15  1.395225458724953e-15  8.622197394781697e-15     0.9349134041395802                    nan
176         6.8393950438674e-15  4.195529740487481e-15  3.941996227479958e-15      1.029327776569906                    nan
178        1.48275281751994e-15  2.770506638111549e-15  8.469080843323134e-15     0.7496637738161449                    nan
180       3.738906234936021e-15  7.361072470347994e-15  8.530328528297657e-15      1.933891191670983                    nan
179       3.367994040644796e-17  2.194470474123131e-17  2.969208603254804e-16      1.880511826299594                    nan
177       7.804664258890349e-15  5.886000496120669e-16  4.841556313328601e-15      0.590451988293677                    nan
182       7.698928659670916e-15   9.22551488392663e-15  2.994524037587277e-15      1.910902445807501                    nan
175       5.409269687372618e-15  8.572046344136825e-15  4.922806697794142e-15     0.8945942281993223                    nan
184       3.460523638499344e-15  4.090097551338972e-16  2.075246240045122e-15      1.055459599200847                    nan
185       4.991720868430966e-15  7.996109180126469e-15  7.159850126568379e-15     0.7029437514625685                    nan
183       6.756829587397518e-15  8.425388768380983e-15  3.533426990374588e-15     0.8354460417727562                    nan
186       4.364633207106731e-15  8.778952490443868e-15  1.412824423458395e-15     0.8825796604491033                    nan
188       7.335333003892525e-16  3.570777329702477e-15  1.551436174120504e-15      1.591342492652264                    nan
190       1.669602647389655e-15  6.673070799744313e-15  4.050569715851051e-15      1.188226684432869                    nan
194       8.697477503796592e-15  7.885281945779958e-15  1.162716845722809e-15      1.115283763013239                    nan
192       4.407830184822183e-15  9.423396760349994e-15  6.451166959847509e-15      1.289864087104774                    nan
195       9.678452927356147e-15  7.955744260004737e-15  9.202676839191197e-15     0.9284892272906059                    nan
193       4.644485838613743e-15  7.649924016728118e-15  8.298552160111463e-15     0.7291098024415384                    nan
181       9.946743185078059e-15  1.913204262183231e-15  8.928672455971966e-15     0.8631665041792427                    nan
189       4.947267911287389e-15  3.334943303963415e-15  9.706623973200719e-15      1.171511653678201                    nan
196       5.523282179574828e-15  4.222308770978682e-16    9.4599701597787e-15      1.654257909626716                    nan
191       7.647511570290272e-15  9.025299871345126e-15  4.759848487391876e-15     0.7695911554805805                    nan
187        8.14895023107378e-15  9.598028032124473e-15  9.524021988721613e-15      1.570010618932266                    nan
197       4.703920016980607e-16  3.934234106554504e-16    3.1446775423292e-15      1.109735559447736                    nan
198       3.144076235946454e-15  8.367621412010559e-15  7.639320656688017e-15      1.245163979345168                    nan
201       3.329281485656477e-15  5.473723494802607e-15  2.661330441307843e-15      0.660849970102194                    nan
203       3.815776446621043e-15  2.104916769449241e-15  5.180773922806646e-15      1.042843955385024                    nan
202       2.550525876993537e-15  2.733664679791517e-15  6.896763763502831e-15      1.938886088890323                    nan
199       8.305978110831287e-15  2.311276685466553e-15  1.238299052258061e-15     0.5281711942688897                    nan
204       2.795085612516149e-15  4.214168602966838e-15  5.338774663324586e-15      1.090346987571078                    nan
205       6.494431084294212e-15  6.341387837351074e-15  1.836296839884277e-15      1.175188186911019                    nan
200       1.727929077623284e-15  5.388072209009249e-15  2.523286870793475e-15     0.9797295997647074                    nan
206       3.092704879549371e-15  4.701100581210551e-16  7.011155963164915e-15       1.49255448133014                    nan
210        2.74339229487344e-15  3.989636599822065e-15  5.364713764948826e-16      1.017856431227385                    nan
208       7.433290009237314e-15  5.644034492190612e-15  3.263514435259417e-15      1.284923741107751                    nan
207       4.503709678839455e-15  2.337730709148706e-15  6.555458253899716e-15      1.259964615242025                    nan
212       7.948406649277135e-15  1.596814902060816e-16  9.609609588779213e-15      1.524249617136482                    nan
213       8.189521040590332e-15  4.532362066652832e-15   5.21456435402418e-15      1.839030206203797                    nan
209       5.097846056831941e-15  9.209521967797952e-15  1.266488287287195e-15     0.6453943987807081                    nan
215       6.737447709399032e-15  4.439371639993874e-15  4.637495769689098e-15      1.506812920034959                    nan
216        8.99811431523734e-15  7.904467703329312e-15  5.996638224139685e-16      1.390527230335219                    nan
217       8.747535427109913e-15  7.689487959880491e-15  6.817468267374457e-15      1.368581538554025                    nan
214       9.107476292649397e-15  1.252168655784474e-15  1.765513693137768e-15      1.533366959047463                    nan
218       2.256333766422584e-15  6.596866928421458e-17  8.425507150006045e-16      1.976874198541871                    nan
219       1.881857477196683e-15  7.238001119642095e-15    5.9235596498408e-15     0.7991325370164231                    nan
220       3.032224955919494e-15  6.613926886935087e-15   1.53385426872818e-15      0.756711390828293                    nan
221        6.10433218921384e-15  8.813931605811742e-15  4.205416292652268e-15      1.682217925564533                    nan
223       7.331343537156798e-15  3.546094654613526e-15  6.595112393265822e-15      1.575138691805635                    nan
211       9.969013490235505e-15  6.221562142675769e-15  9.569309877570089e-15       1.68846625006833                    nan
225       2.201427098955773e-15  9.379701155296545e-15  3.169829659832154e-15     0.7733012642513817                    nan
224       3.700264269831847e-15  5.612734146619883e-15  9.331761135826684e-15      0.874618821755472                    nan
227       5.511551966930529e-15  5.272751779973927e-15  1.855600804848297e-15      1.746278894638594                    nan
229       2.719551066254922e-15  8.010309587156806e-15  4.417368709248599e-15      1.940704252529955                    nan
228       3.971797328495887e-15  6.806345685114641e-15  8.075873855968588e-15      1.015846514215768                    nan
230       9.044907265458821e-15  5.082344425290724e-16  5.821558120222364e-15     0.9831193578777198                    nan
232       2.231765985033455e-15   6.83403010467196e-15  5.257944027553819e-15      1.665532712570587                    nan
233       1.027141161255847e-15  6.931824423652773e-15  9.249118783449696e-15      1.127342243858335                    nan
231       2.622348358971181e-15  4.751788406648133e-15   3.58697026335569e-15      1.512991746988549                    nan
235        4.22630397065832e-15  3.216955097251429e-15  9.003821395684253e-15      1.884841516792648                    nan
234       5.868745104475308e-15  1.711626832549259e-15   1.48994742476568e-15     0.6924827076640616                    nan
236       6.798457897373996e-15  5.994268011090686e-15  3.476146295575921e-15      1.422469204135176                    nan
241       7.882791327003991e-15  7.548287420800108e-15  4.161605152392638e-15      1.957203899448904                    nan
238       2.269599123928624e-15  5.546888656523185e-15   1.28676631911834e-15      1.567536696558824                    nan
240       7.965560177445242e-15  3.404769895535308e-15   6.82832765088361e-16       1.68103994137631                    nan
222       9.507897654453988e-15  8.252625713908935e-15  9.460852763637798e-15       1.48963363173186                    nan
239       5.768331427000019e-15  4.109577457606286e-15  2.400477661761574e-15     0.8791860471432458                    nan
242       1.593694347131257e-15  6.305962443897984e-15  1.065493476225291e-15      1.336742554048755                    nan
243       7.787564007452794e-15  4.808808235102021e-15  6.735186336000335e-15      1.800694697669954                    nan
237       4.879589822901589e-15  9.136631513362501e-15  6.820074996130084e-15     0.8712067962410531                    nan
245       9.437522717689865e-15  4.609306160859789e-15  1.776307508078515e-16      1.065917224746121                    nan
226       7.567645426765797e-15  4.502231069659321e-15  8.121217281936282e-15      1.947926014063039                    nan
244       8.857225078585155e-15  6.551588059307457e-15  4.398585777862511e-15     0.9725654369051802                    nan
247       5.882778322976126e-15  6.532571125237032e-15  2.096838146956574e-15     0.8077947349640215                    nan
246       8.657949287911694e-15  8.165235918394483e-15  1.899266106017431e-15     0.5746192124676706                    nan
252       6.137182235862684e-17  3.498769617729951e-15  5.647136832258261e-15      1.721711456742926                    nan
248       1.600990474667297e-15   6.70183826789393e-15  1.932382612055564e-16     0.8179688368484995                    nan
250       6.600851889952584e-15  7.280062149207303e-15  2.285637591134919e-15     0.8681667217109024                    nan
253       7.300470786402531e-15  7.765283649062339e-15  7.451647440941281e-15      1.695372492004936                    nan
251       1.196672550642119e-15  3.458486642024937e-15   8.85050165496231e-15     0.6525982954872105                    nan
254       3.058119703788996e-15  3.791505192619636e-15  4.035005597263309e-15     0.8140433520946627                    nan
256       9.167671904643495e-15  9.169561911717041e-15   2.60888482383501e-15      1.186892808135741                    nan
255       4.846645349228081e-15  3.014064382726487e-15  6.036288475784933e-15      1.382930525108915                    nan
260       7.828722790782588e-16  8.911837224942891e-15  4.325892922089258e-15      1.761760113940065                    nan
257       5.470737940967442e-15  8.367504645533609e-16  8.367208132674184e-15      1.142735378123988                    nan
259       3.237937626044298e-15  4.904789123214889e-15  2.816406102306437e-15      1.705873059143871                    nan
258       9.489146562769782e-15  9.805732661594734e-15  2.911794523656367e-15     0.8982194314372611                    nan
261       6.550160399976938e-15  4.551557347996441e-16  2.008828158947549e-15     0.5117476158102285                    nan
263       3.382338172700476e-15  4.340028373963989e-15  2.047631423308213e-15      1.466882739597033                    nan
262       2.510370166845853e-15  8.326661878292699e-15  6.639323107878328e-15     0.8277670462779356                    nan
264       1.807589316178371e-15  4.223562153010518e-15  7.980574353465894e-15      1.528142794230788                    nan
265       7.670448731701157e-15  2.906299384127048e-16  8.863537890770853e-15     0.6622666296044051                    nan
266       2.520493435864014e-15  5.565912693077727e-15  6.411710103585685e-15     0.8247287549812817                    nan
267       8.945025354894724e-15  1.884233569835164e-15   3.90440783571186e-15      1.625759109632658                    nan
268       6.852871772908771e-15  8.931214587481524e-15  7.963353598581823e-15     0.9433070063022679                    nan
269       2.877663083772112e-15  5.103752465765771e-15  5.797542443298445e-15        1.5380077679038                    nan
271       8.796426314902393e-15  1.085450922233104e-15  9.123525749904541e-15      1.298280799438207                    nan
272       2.104256674838582e-16  9.397730048517735e-15  6.714632207079948e-15      1.578747119461345                    nan
270       6.427135814494969e-15  9.755496845590174e-15  4.992948552566395e-16     0.6246967128156519                    nan
249       9.934455652850605e-15  1.832327381940764e-15  6.125167541965175e-15      1.984807879841052                    nan
276       2.144332769269477e-15  5.594557618509159e-15  9.635826440021003e-15      1.606349037098882                    nan
274       1.365705873486521e-15  6.546226378950676e-16  8.015185956571259e-15       1.30778677241392                    nan
279       2.814469439275774e-15  5.850273332553581e-15  4.617945901778356e-15      1.639360784676889                    nan
278        1.35259766750608e-15  7.732342006951121e-15  3.758522426497869e-15     0.7916380419534239                    nan
277       7.502576103656064e-15  3.943905270062796e-15  8.190503144193329e-16     0.5629852687722589                    nan
282       7.106207160040105e-15  2.460534586865124e-16  9.292004305927442e-15       1.67446988359802                    nan
273       8.593488873166474e-15  8.467200763707097e-15   4.57595430807055e-15     0.7149727240877339                    nan
284       2.610218115024171e-15  2.649019296479903e-15  6.594907991292453e-17      1.794378601308447                    nan
286       9.749381131235939e-16  4.070983919606862e-15  9.410485470296835e-15       1.92174736244022                    nan
287       7.707566133541197e-15  8.506376381929955e-15  7.430524425568532e-16      1.060954140708787                    nan
281        5.01710372291304e-15   7.74974383406965e-15  4.377335350128208e-15      1.858351019561203                    nan
275       9.645419101776945e-15  8.260289733656373e-15  7.692180148656187e-15     0.5352376794491014                    nan
283       6.507517344154197e-15  6.003401721740629e-15  9.053171038688801e-15     0.5674793973537375                    nan
280       5.493458877110193e-15  2.455557346661021e-15  6.524437779815322e-15      1.496061618224888                    nan
291       7.071042834544963e-16   6.74571556749291e-16  3.209735936258738e-15      1.407554662576531                    nan
288       6.815864110491183e-15  7.586188439945465e-15  7.791359106835548e-15      1.814570307465892                    nan
289       3.898423811980945e-15  7.623428423320639e-15  8.445089133331294e-15     0.9518475706021248                    nan
290       6.338547775001507e-15  1.541800799977804e-15  7.169226986516622e-15     0.7361947725887399                    nan
294       8.431971924279694e-15  4.485833620632897e-15  4.488222853852969e-15       1.75304415638382                    nan
292       5.596107386548098e-15   9.45928875916285e-15  6.101033537685835e-15      1.693249045845445                    nan
297       5.235987030597845e-15  7.871469590142321e-15  7.256742050529302e-15      1.375946073274044                    nan
293       3.186322187703868e-15   8.11565779006643e-15  7.405087394095876e-15     0.7393500092809836                    nan
285       9.911982629352607e-15  7.454324903538598e-15  8.753882498160915e-15      1.848673984396236                    nan
295       7.860320983759668e-15  5.734199439775926e-15  7.776272276101109e-15       1.61028356460104                    nan
298       9.240655981711409e-15  8.881373509136497e-15  3.012006752634033e-15      1.916331504696973                    nan
296       8.343986766529587e-15  8.308328083088806e-15  2.867715874033452e-15     0.9100743665298761                    nan
300       1.242474276039595e-15  6.480032323517944e-15   7.23687908165993e-15      1.768617281153707                    nan
302       6.334984057865838e-16  3.520909541028845e-16  6.901828350641461e-15      1.742220294719423                    nan
305       7.128856360542619e-15  7.261810829354948e-15  4.444120637997874e-16     0.9394453506491988                    nan
303        3.45009099998335e-16  5.021695377790055e-15  5.751942724372228e-15     0.6916869267611996                    nan
301        7.69908261205184e-16    7.8540863293998e-15  4.789258251023039e-15      1.776132891923604                    nan
304       7.068073447090096e-15   5.18432065366549e-17  4.074942115871308e-15      1.048466164174116                    nan
306       3.404105820784109e-15  1.100162673369584e-15   6.98236714774826e-15      1.859650943893852                    nan
307       8.490049935343664e-15  1.606660051231952e-15  6.511708967181682e-15      1.098997730117351                    nan
311       5.683146016643253e-15  1.302908698840053e-15  5.048640054734206e-15       1.16756710194829                    nan
312       2.831622455126669e-15  7.352823143043397e-15  6.766679454955346e-15      1.609442856424954                    nan
309       5.421738942121853e-15  1.166635968791691e-15  4.313422953640373e-15      1.214705905510562                    nan
308       9.477327689926069e-15  6.378823298410422e-15  4.659750542985293e-15     0.8864102668834325                    nan
313       3.919957030730951e-15  7.192215897853677e-15  6.302633522951101e-15       1.25679325456625                    nan
314       6.311504501117463e-15  5.437815507366459e-15  5.414286976226644e-15      1.730130530787511                    nan
316       1.958383035276342e-15  3.617110598951205e-15  8.829649763989762e-15      1.198735157372609                    nan
319       8.838758258573297e-15  9.438338124531019e-16   1.60285391784088e-15      1.266584237386644                    nan
315       7.379251846728537e-15  1.670414854030125e-15  2.686199784537398e-15     0.8113893640847463                    nan
318         4.7692738605487e-15  3.143962665146764e-15  3.046861676024395e-15     0.7630628844528444                    nan
320       2.123213012633092e-15  4.722288599107455e-15  9.895518943879051e-15      1.763576291371247                    nan
317       6.080804858509142e-15  2.279665461445067e-15  3.670513090265439e-15     0.8912554742677985                    nan
299       7.740286362327963e-15  4.016466840779276e-15  8.940415040810426e-15      1.909517547556522                    nan
321       7.196866679601461e-15  2.600720576889216e-15  4.253197804290462e-15      1.571370564825805                    nan
322       4.241931812128716e-15  3.537787939543342e-15  3.122416967104169e-15      1.980782867348536                    nan
325       2.593058567253848e-15  6.685214649865713e-15  4.545179201515097e-15      1.837422761852502                    nan
324       7.557819942859237e-15  4.675855512728402e-15  7.562524671316713e-15     0.9705656932775802                    nan
327       5.575839671503871e-15  8.384161900144172e-15   5.44419708569574e-15     0.8561859876110065                    nan
328       3.503991994722117e-15  6.967988861125582e-15  2.931525441528282e-15      1.223016179121973                    nan
326       8.138112900586415e-15  3.733891593966151e-15  1.729646562709763e-15     0.9563424904165687                    nan
329       4.809942396990948e-15  4.096380867354803e-15  4.245103860788119e-16      1.387744158955174                    nan
330        7.48933702515964e-15  7.534975065708869e-15  3.180733474972585e-15      1.926701724718362                    nan
331       2.490479562726433e-15  8.296163838212898e-15  2.682505322903585e-16      1.392402312009365                    nan
332       1.075961668973493e-15  2.712856808998144e-15  5.397199751127127e-15      1.084557248914425                    nan
333         8.8168377875062e-16  8.591925144949995e-15  9.526951032559719e-16      1.551077738850363                    nan
334       3.456287813112743e-15  9.931534300721456e-15  4.082202217224605e-15     0.5819183119375509                    nan
323       7.526557134486773e-15  7.015530836193064e-15  6.953562180410803e-15     0.8383804157903867                    nan
310       9.376979505432514e-15  6.944496181015286e-15  6.066661492152944e-15      1.798562911418981                    nan
336       4.353530286504537e-15  7.824343529365537e-15  7.337442198423106e-15      1.717736337527826                    nan
338       8.211120811789104e-15  4.272258762929623e-15  9.592964968275977e-15       1.10298668235846                    nan
340       3.707248915525899e-16  5.817938237717378e-15  5.563745078279926e-15     0.6681903095867026                    nan
339       1.623826548245438e-15  4.652910717212533e-15  2.652762591465223e-15     0.8465693402446068                    nan
335       7.479298924252658e-15  4.372010208237624e-15   7.43712176613071e-15     0.7763494718486061                    nan
337       5.188184463251563e-15   8.94454176701222e-15  4.136707512889111e-15      1.655668990079621                    nan
343         2.3997168653688e-15  4.630292693645327e-15  8.201308967233138e-15      1.877648681243901                    nan
344        5.21130033451172e-15  4.970453599922036e-15  7.460405426755134e-15       1.86386202662017                    nan
345       9.289278224435959e-15  4.121039653463814e-15   9.83361786360392e-15      1.151357162806826                    nan
342       8.396129615691849e-15  3.588482783572794e-15  8.698185052039607e-15     0.6346848411725164                    nan
347       8.863283079809433e-15  7.278395124794457e-18  7.938578908306236e-15      1.204166932806609                    nan
346       1.991347833964493e-15  4.681988604996623e-15  8.229510924602875e-15     0.6056601988081141                    nan
348       4.559524869487644e-15  9.309888776932062e-16  6.673397397221908e-15      1.222676254244037                    nan
350       3.970334950459823e-16  1.755916345035453e-15  8.832438927988945e-16      1.311406396593247                    nan
351       6.180822848387441e-15   6.64376399185432e-15    9.8529671682143e-16      1.414533776768989                    nan
349       5.834123391013504e-15  4.358244743619338e-15  4.465192344348413e-15       1.47412030223217                    nan
354        8.27451463209318e-15  6.901326517119864e-15  8.082498025378946e-15      1.419438680785991                    nan
353       1.644405107418701e-16  7.788059340072577e-15   1.08557564909953e-15      1.349296797921185                    nan
352       3.212152215352087e-15  5.220921606574918e-15  3.378225916571327e-15      0.708399387789702                    nan
355       8.661874534112136e-15  9.784977812281967e-15  8.968322137059516e-15      1.181649411956958                    nan
341        8.45633498404253e-15  1.121522832712833e-16  8.997559406328648e-15      1.972098155146281                    nan
358       8.007804186257582e-15  1.927049067907303e-15  3.098352972420472e-15      1.438832739020765                    nan
356        6.65025752490869e-15  3.266638420860865e-16  1.914898297771867e-15     0.5978769982462633                    nan
357       4.488027033859083e-15  1.991736649677353e-15  1.378101685666242e-15      1.617201170835337                    nan
361       4.634802993067996e-15  1.767274612523276e-15  4.197261516032255e-15      1.036891115315275                    nan
359       9.521636153594365e-15  4.580390640403886e-15  3.853333480532472e-15     0.9962839926838429                    nan
363       8.174968573883116e-15   2.54002559203183e-15  6.467981583752741e-15      1.302673990828842                    nan
360        5.81322595450107e-15  5.332219173003855e-15  6.609226480845421e-15      1.635636192947445                    nan
364       6.024084824828177e-15  2.052395530233204e-15  1.426374896388514e-15      1.464181504771486                    nan
362       4.821802460315795e-15  1.137324778123154e-15  8.102911702103131e-15      0.504000223677836                    nan
366       9.200427881226106e-15  4.454294886700514e-15  3.643303236003352e-15      1.442911386642488                    nan
365       6.119429974083705e-16  8.684730216881975e-15  3.628766022783582e-15     0.7449729355092449                    nan
368       7.639304537092372e-15  1.046965604248922e-15    1.0340819597757e-15        1.6877149005834                    nan
370       1.688885822890698e-15  9.990314515303829e-15  3.349985381666035e-16      1.832677051881453                    nan
371       6.046444371709137e-15  6.577310851791168e-15  6.044394948425271e-15     0.6400246501502163                    nan
369       4.199162989478398e-15  1.841176377120931e-16  5.865704912798383e-15      0.537927019024403                    nan
367       7.146927377612733e-15  7.481094649768512e-15  4.802300763885448e-15     0.6081359957234728                    nan
373       9.567905548778468e-15  2.479638279412979e-15  5.673110397086468e-16      1.210513158363661                    nan
374       5.132144075350266e-15  6.148145833658894e-15  2.341364051927353e-15      1.206699170327687                    nan
372       6.980286079308841e-15  6.503924052626705e-15  9.644172641936043e-15     0.7606481247968098                    nan
375       2.928267777265492e-15  5.710805496437497e-15  5.592782962733714e-15      1.672872734744886                    nan
376       3.988923482112398e-15  9.472882254721186e-15  4.966411121804995e-15      1.477845330857401                    nan
378        1.55615848683282e-15  9.340987423756235e-15  9.732774312465921e-15     0.5554326248150849                    nan
379       6.463327859901966e-15  4.577885303267923e-15  5.522899630684956e-15     0.6973997451812479                    nan
383       6.237163597145563e-15  1.229286956266845e-15  9.150892952763647e-15      1.263486819665491                    nan
380       1.454539565072578e-15  5.172954533637815e-15  8.762423170401736e-15     0.5788861709566462                    nan
381       9.681518096156491e-15  3.512891798423601e-15  1.255581805595922e-15     0.7319576954150935                    nan
382        8.07076042644531e-15  1.953537657147563e-15  7.844617667219876e-15      1.355506053699763                    nan
384       3.103486573017245e-15  7.670071803739606e-15  4.018716107304423e-15      1.928353092858845                    nan
386       1.524565781801168e-15  8.654798401718446e-15  6.279142656750283e-15      1.769377170577643                    nan
385       1.827782653486386e-15  7.308956366526716e-15  5.370879331238953e-15      1.118393001881242                    nan
387       4.288491936601993e-15  5.756342494199968e-15  8.264376774902032e-15      0.521469862188644                    nan
389       1.092020663912218e-15  5.774482754873767e-15  6.756954082061357e-16       1.13169169281051                    nan
390       2.985317215298877e-15  6.213799023312644e-15  3.399109025666386e-15      1.103748538802511                    nan
391       5.498229546414482e-16  9.488019890938587e-15   8.28046155129437e-16      1.353730130239194                    nan
392       3.681494785792439e-15  4.878681218586391e-15  6.297020154859378e-15      1.678161975121636                    nan
388       2.116959539577091e-15   4.38861576081204e-15  7.389298368908954e-15     0.5505011253688137                    nan
393       1.703899949003016e-15  2.973775068210523e-15  2.330480595222759e-15      1.024001345307747                    nan
395       5.250365368149342e-15  5.485927540996163e-15  7.791093368331463e-16      1.557308611191519                    nan
396       1.838043245180296e-16  2.112717792190569e-16  9.679339783251822e-15      1.061822385712769                    nan
394       9.734394448133692e-15  8.918177290335087e-16  1.322686463478575e-16      1.962192837605497                    nan
398       4.792348875671833e-15  9.713621141219456e-15  7.619006529889538e-15      1.435645204538282                    nan
397       1.169985164363373e-15  1.266045428619394e-15  7.533473842299805e-15      1.365756211618399                    nan
399       6.698321985965819e-15  7.168020161679932e-15  7.860614746975602e-15      1.441962295380607                    nan
377       7.036054084028857e-15  6.637402569289449e-15  9.397975302205683e-15      1.737025533267578                    nan
400       2.959972899647126e-15  3.134433551905802e-15  9.220799855422092e-15      1.124307170383388                    nan
401       3.826970703479201e-15  6.390944390209608e-15   4.87553472328157e-15     0.9545548545009725                    nan
402       2.641871004156386e-16  6.495820133834708e-15  1.876265411351035e-15      1.190119416029966                    nan
403       4.020981811468358e-15   1.62065721990488e-15  5.622623979353359e-17      1.226966234675609                    nan
404       7.734643141469014e-15  4.835345103182589e-16  7.652491418120594e-15      1.238922672913853                    nan
405       3.524345989195762e-15  8.839773997375982e-15  2.014772008963757e-16     0.5392832498902662                    nan
406       4.012410825619398e-15  1.791632452624055e-15  9.082100962789565e-15      1.554089418027884                    nan
407       2.090395953092166e-15  6.264423396086449e-15  8.344055891692786e-15      1.622938242871905                    nan
411       8.618178568931351e-15  4.165311731637114e-15  9.916603918966933e-15      1.154038431894654                    nan
408       3.865953457389379e-15  5.792654062662229e-15  9.965330938431789e-15       1.96475656311609                    nan
412       6.154632925368728e-15   1.33288846190323e-15  7.817456112078113e-16      1.846366327142989                    nan
409       4.116820977267584e-16  9.601564565646736e-15  7.268828112937896e-16      1.728635812213878                    nan
410       1.132647285370621e-15  9.505169158078684e-15   2.46302358596635e-15     0.7945545543240992                    nan
413       3.271702870354982e-15  1.650388204749166e-15  4.761106224790976e-15      1.546556831072686                    nan
415       9.271369520103864e-15  1.486175966175201e-15  3.558988722813773e-15     0.7207019668970398                    nan
418       8.813138727592138e-15  3.234111299238039e-15  1.478980601786488e-15     0.9476471990773254                    nan
416       2.695681301345075e-15  8.855880098318281e-15  3.287609319160838e-15     0.8531599673357058                    nan
417       8.364985608303461e-16  8.600691923081006e-15  1.210911168843644e-15     0.9134671507534603                    nan
421       9.990150400804892e-15  3.036489124153815e-15  3.724035096653501e-15      1.782671413304382                    nan
419       6.660966627870773e-15  7.983397960128501e-16  1.947096632819231e-15     0.7883295901768812                    nan
420       4.988148126736158e-17  2.299550916141336e-15  5.270301669411887e-15      1.698506373289259                    nan
423       2.466303828798445e-15  4.883475322881348e-15  9.166763168684007e-15      1.025758119038651                    nan
414       4.687042160283817e-15  6.990031362197097e-15  8.058422811974698e-15     0.9592803747489781                    nan
424       1.014341121993714e-16  1.587890669325356e-15  5.804630102946627e-15      1.201480144196825                    nan
422       1.776370662176176e-15  7.124905692662962e-16  2.501123011946645e-15     0.6499980630071653                    nan
428       3.650208240188181e-15  1.500987744806585e-15   8.40707593244634e-15      1.774034683251238                    nan
425       2.460342632587643e-16  4.954034776771067e-15  1.045193797900668e-15     0.8196912821922903                    nan
427       5.973582697990298e-16  5.582858707538107e-16  2.482501216470887e-15     0.5520627569838744                    nan
431       9.482992822785888e-16  8.447306297680191e-15  6.424910255774547e-15      1.724396505823001                    nan
430       6.708912021030679e-15  3.387451089463036e-15  1.510614089363764e-15      1.268438911887852                    nan
426       5.355689748022021e-15  8.354859107307923e-15  1.311960858625392e-15     0.5579857446150231                    nan
429       2.905653317191427e-15  7.691281592414893e-16  4.421346009157211e-15      1.449563849055326                    nan
432       8.232608073686734e-15  8.679402215682277e-15  6.487863594602489e-15      1.121566582969495                    nan
433       3.493189284467574e-15  2.998644179710169e-15  3.319708918749272e-15      1.875414207359335                    nan
436       8.040687003581387e-15   6.40917512591398e-15  1.012608695009007e-15      1.991751703523087                    nan
439       5.753830121693609e-15  2.029735250966877e-15  4.355935797155815e-15      1.817724244657906                    nan
438       3.178585901566422e-15  8.636541757214506e-15  2.556870923673665e-15      1.277025982950063                    nan
440       4.245249556364391e-18  3.820840309106481e-15  6.213008883320348e-15     0.5764631758473219                    nan
437       2.195368358910067e-15  4.475196937587496e-15  7.488698335341558e-15     0.9222930295255244                    nan
441       3.753346096014216e-15   9.64510932397464e-15  7.048808544460818e-16      1.537974548699865                    nan
444       3.439433148996467e-15   1.47019727582966e-15  8.587306247857186e-15      1.894462201607891                    nan
442       7.590180354690436e-15  7.709146241148269e-15  9.429833829309067e-15       1.17217484527479                    nan
443       7.380913416171892e-15  9.303204410967009e-15    2.3415291394476e-16     0.9919149329699045                    nan
446       6.860109670805975e-15  6.240102226495019e-15   2.44037357535718e-15      1.157685728195943                    nan
447       9.391673180238659e-15  2.917256813456188e-15  6.162075293600238e-16      1.332683269277539                    nan
448       2.887289399022804e-15  9.560720329810254e-15  5.680950910846665e-15      1.588563911410053                    nan
449       1.547029674350144e-16   2.27255505288269e-16  2.581479481042386e-16     0.9465279055963676                    nan
450       2.005098434888555e-15  1.153993055041033e-15  9.061221916731247e-15       1.40569891264262                    nan
435       9.846776261596142e-15  8.404887919300476e-15  8.501616048683026e-15      1.708518515082655                    nan
451       5.646369617521908e-15  1.848825836953631e-15  2.135066606429296e-15      1.067024562641925                    nan
452        5.54346766717143e-15  3.891333590527267e-15    7.0454953638499e-15       1.40921174747714                    nan
453       6.122807886726944e-15  6.726747325876329e-15  3.880698814023555e-15     0.9655940586295533                    nan
454       9.131850487293531e-15  5.698369213614506e-15  5.233381983346964e-15      1.146644310196385                    nan
434       9.147218566658696e-15  3.628200889713938e-15  7.191621783997329e-15       1.78069989578077                    nan
445       9.701562042324046e-15  6.106586797906968e-15  8.157641712952266e-15     0.6984970621338606                    nan
456       6.627487444126872e-15  3.853874812226539e-15  3.106221058052369e-15     0.9052419504213669                    nan
