10.2021075
10.202162
10.2021784
10.2022293
10.2022951
10.202361
10.2024235
10.2024831
10.2025386
10.202593
10.2026486
10.2027079
10.2027688
10.2028306
10.2028931
10.202956
10.2030187
10.20308
10.203139
10.2031944
10.2032445
10.2032876
10.2033255
10.2033593
10.2033899
10.203418
10.2034437
10.2034674
10.2034891
10.2035092
10.2035277
10.2035449
10.2035618
10.2035785
10.2035955
10.2036123
10.2036285
10.203644
10.2036593
10.2036744
10.2036893
10.2037043
10.2037193
10.2037339
10.2037478
10.2037608
10.2037731
10.2037847
10.2037955
10.2038057
10.2038154
10.2038246
10.2038334
10.2038421
10.2038505
10.203859
10.2038675
10.203876
10.2038844
10.2038927
10.2039008