10.2021075
10.2024968
10.2025954
10.2029071
10.2033266
10.2037555
10.2041701
10.2045606
10.2049274
10.2052838
10.2056459
10.2060224
10.2064108
10.2068038
10.2071978
10.2075941
10.2079895
10.2083785
10.2087547
10.2091117
10.2094387
10.2097273
10.2099848
10.2102162
10.2104264
10.2106178
10.2107906
10.2109492
10.2110939
10.2112286
10.2113538
10.2114714
10.2115883
10.2117052
10.2118256
10.2119462
10.2120647
10.2121788
10.2122906
10.2124004
10.2125068
10.2126104
10.2127128
10.212811
10.212902
10.212985
10.2130622
10.2131314
10.2131939
10.2132498
10.2132995
10.2133438
10.2133839
10.2134211
10.2134568
10.2134919
10.2135268
10.2135611
10.2135943
10.2136246
10.2136511